198 205
199 204
199 203
199 202
199 201
199 200
199 199
199 198
198 197
198 196
198 195
198 194
198 193
198 192
198 191
198 190
197 189
197 188
197 187
196 186
195 185
194 184
193 183
192 182
191 181
190 180
189 179
188 178
187 177
186 176
185 175
184 174
183 173
182 172
181 171
180 170
179 169
178 168
177 167
176 166
175 165
175 164
175 163
175 162
175 161
175 160
175 159
175 158
175 157
175 156
175 155
175 154
175 153
175 152
175 151
175 150
175 149
175 148
175 147
175 146
175 145
175 144
175 143
175 142
175 141
175 140
175 139
175 138
175 137
175 136
175 135
175 134
175 133
175 132
175 131
175 130
175 129
174 128
173 127
172 126
171 125
170 124
169 123
168 122
167 121
166 120
165 119
164 118
163 117
162 116
161 115
160 114
159 113
158 112
157 111
156 110
155 109
154 108
153 107
152 106
151 105
150 104
149 103
148 102
147 101
146 100
146 99
146 98
146 97
146 96
146 95
146 94
146 93
146 92
146 91
146 90
146 89
145 88
144 88
143 88
142 87
141 87
140 86
139 85
138 84
137 83
136 82
135 81
134 80
133 79
132 78
131 77
130 76
129 75
128 74
128 73
127 72
126 71
126 70
125 69
125 68
125 67
125 66
125 65
125 64
125 63
125 62
125 61
125 60
125 59
125 58
125 57
125 56
125 55
125 54
125 53
125 52
125 51
125 50
125 49
125 48
125 47
125 46
125 45
125 44
125 43
125 42
125 41
125 40
125 39
125 38
125 37
124 36
123 35
122 34
121 33
120 32
119 31
118 30
117 29
116 28
115 27
114 26
113 25
112 24
111 23
110 22
109 21
108 20
107 19
106 18
105 17
104 16
103 15
102 14
101 13
100 13
99 12
98 12
97 11
96 11
95 11
94 11
93 11
92 11
91 11
90 11
89 11
88 11
87 11
86 11
85 11
84 11
83 12
82 13
81 14
80 15
79 16
78 17
